lake	season	year	status	surroundings	la	da	vol	da:vol	da:la	dp	slope	perimeter	dmean	dmax	nf	aa	rainfall	temp	secchi	zmix	kd	zeu	ph	chl-a	tss	nt	pt	doc	cdom	a254	a440	sr	suva	s275	s350	bv
AGU	rainy 12	2012	unprotected	S	1,62	20,59	5,14	4,01	12,71	2,38	11,9	10,8	3,172839506	9,14	36,14	54,29	155,8	29,8	1,5	4,06	1,13	4,06	7,44	6,76	2,8	350,3	13,33	6,57	18,33188	22,99929	0,737	1,187574423	3,500120733	0,022295246	0,018773767	0,0044917
AGU	rainy 12	2012	unprotected	S	1,62	20,59	5,14	4,01	12,71	2,38	11,9	10,8	3,172839506	9,14	36,14	54,29	46,2	29,23	1,17	5,00	1,27	3,62	7,2	7,88	7,6	493,9	6,66	6,35	18,16299333	22,81505	0,7677	1,212624746	3,591225143	0,022592373	0,018630968	0,0022915
AGU	dry 12	2012	unprotected	S	1,62	20,59	5,14	4,01	12,71	2,38	11,9	10,8	3,172839506	9,14	36,14	54,29	3,2	23,47	1,8	4,50	1,07	4,32	7,5	10,42	4,8	423	35,36	6,94	14,93879333	19,00743	0,6909	1,39826	2,7384277	0,024308813	0,017385045	9,50E-05
AGU	dry 12	2012	unprotected	S	1,62	20,59	5,14	4,01	12,71	2,38	11,9	10,8	3,172839506	9,14	36,14	54,29	0,6	23,2	0,9	4,50	1,16	4,15	7,6	7,6	1,2	447,2	45,29	7,11	16,56624667	20,80377	0,951906667	1,328413203	2,9255754	0,021509585	0,016191938	0,0025585
AGU	rainy 13	2013	unprotected	S	1,62	20,59	5,14	4,01	12,71	2,38	11,9	10,8	3,172839506	9,14	36,14	54,29	0	29,44	1,53	4,5	1,3	3,51	7,63	4,79	4,38	499,1	15,74	10,49	15,59131	19,85186	NA	1,578425371	1,892455672	0,023977724	0,015190914	0,00075557
AGU	rainy 13	2013	unprotected	S	1,62	20,59	5,14	4,01	12,71	2,38	11,9	10,8	3,172839506	9,14	36,14	54,29	0	29,12	1,2	4,5	1,29	3,55	7,22	3,1	4,48	507,7	41,38	8,72	15,23050667	19,48338	NA	1,41711933	2,233308116	0,024522567	0,017304518	0,00075557
ANB	rainy 12	2012	protected	AF	3	16,65	NA	NA	5,55	4,42	10	27,35	NA	10	80,48	NA	395,5	30,15	3,1	6,72	0,78	5,93	7,86	5,07	0,8	361,9	19,48	6,92	13,14245333	16,55089	0,783	1,48837871	2,393130904	0,023222648	0,015602648	0,0035311
ANB	rainy 12	2012	protected	AF	3	16,65	NA	NA	5,55	4,42	10	27,35	NA	10	80,48	NA	24,8	30,74	3,1	6,31	0,62	7,37	7,57	4,22	1,2	340,3	8,24	6,11	12,22125333	15,55293	0,476	1,34935051	2,546320672	0,025097977	0,018600042	0,0043608
ANB	dry 12 	2012	protected	AF	3	16,65	NA	NA	5,55	4,42	10	27,35	NA	10	80,48	NA	4	24,43	3,23	9,00	0,75	6,12	7,01	7,32	2,4	439,9	33,6	6,03	9,012406667	11,63783	-0,0461	1,188190903	1,929987839	0,0292465	0,024614311	0,0010767
ANB	dry 12 	2012	protected	AF	3	16,65	NA	NA	5,55	4,42	10	27,35	NA	10	80,48	NA	3,2	24,94	2,85	9,00	0,71	6,48	6,95	4,51	0,8	535,9	30,27	6,53	10,62450667	13,5877	0,4606	1,631280339	2,080174525	0,027088598	0,016605729	0,00071566
BEN	rainy 12	2012	unprotected	P	0,08	0,48	0,27	1,78	6,00	1,72	5,65	1,74	3,375	7,87	1,36	83,01	46,2	28,13	2,4	4,25	2,88	1,6	6,66	4,51	9,6	72,9	18,42	1,66	8,782106667	9,56513	0,5067	0,966643388	5,751729806	0,01707099	0,01766007	0,0055159
BEN	rainy 12	2012	unprotected	P	0,08	0,48	0,27	1,78	6,00	1,72	5,65	1,74	3,375	7,87	1,36	83,01	30,8	29,32	2,9	4,13	1,39	3,31	7,03	1,41	9,6	89,5	4,45	2,24	5,742146667	6,909	0,3224	1,206528824	3,082998661	0,019133862	0,015858603	0,0074845
BEN	dry 12	2012	unprotected	P	0,08	0,48	0,27	1,78	6,00	1,72	5,65	1,74	3,375	7,87	1,36	83,01	0,8	22,63	2,7	7,00	0,99	4,64	6,95	4,79	0,8	316,1	21,84	2,11	5,5272	6,54052	0,476	1,350770492	3,107135392	0,018013829	0,013335965	0,0020316
BEN	dry 12	2012	unprotected	P	0,08	0,48	0,27	1,78	6,00	1,72	5,65	1,74	3,375	7,87	1,36	83,01	0,4	22,69	2,4	7,00	1,02	4,55	7,24	3,1	2,8	318,5	21,76	2,22	6,187393333	7,17001	0,4913	1,34358384	3,223923861	0,018129975	0,013493743	0,0014538
BEN	rainy 13	2013	unprotected	P	0,08	0,48	0,27	1,78	6,00	1,72	5,65	1,74	3,375	7,87	1,36	83,01	0	28,02	2,12	5,5878	1,02	4,49	6,89	2,53	1,56	111,7	89,18	2,14	7,46172	9,07382	NA	1,240302263	4,238122373	0,018014032	0,014523905	0,0039192
BEN	rainy 13	2013	unprotected	P	0,08	0,48	0,27	1,78	6,00	1,72	5,65	1,74	3,375	7,87	1,36	83,01	0	28,08	2,12	5,728	1,04	4,43	6,89	1,69	1,12	84,28	21,24	1,57	7,477073333	9,07382	NA	1,184051268	5,772150127	0,017871457	0,015093483	0,0038473
CAR	rainy 12	2012	protected	AF	0,135	0,73	0,67	1,09	5,41	1,30	9,8	1,7	4,962962963	11,8	79,79	0	35,8	29,14	1,8	3,75	1,09	4,23	7,07	4,51	5	269,6	14,65	5,13	15,93676	19,79045	0,7523	1,170675787	3,859291472	0,020844064	0,017805155	0,0053623
CAR	rainy 12	2012	protected	AF	0,135	0,73	0,67	1,09	5,41	1,30	9,8	1,7	4,962962963	11,8	79,79	0	36,4	30,02	2,6	3,75	1,06	4,35	6,88	3,94	5	246,1	5,6	5,73	15,84464	19,79045	0,6602	1,133515249	3,456846579	0,021046004	0,018567024	0,007357
CAR	dry 12	2012	protected	AF	0,135	0,73	0,67	1,09	5,41	1,30	9,8	1,7	4,962962963	11,8	79,79	0	0,8	22,76	1,3	10,00	0,99	4,84	7,05	10,98	5	640,7	12,65	4,83	11,2847	14,30931	0,5067	1,326097385	2,965044896	0,023100227	0,017419706	0,00092893
CAR	dry 12	2012	protected	AF	0,135	0,73	0,67	1,09	5,41	1,30	9,8	1,7	4,962962963	11,8	79,79	0	0,6	22,42	1,3	10,00	1,02	4,52	6,88	10,98	5	513,1	16,52	4,82	15,46080667	19,26843	0,8905	1,126146533	4,001751471	0,018135429	0,016103969	0,0031208
CAR	rainy 13	2013	protected	AF	0,135	0,73	0,67	1,09	5,41	1,30	9,8	1,7	4,962962963	11,8	79,79	0	0	33,67	2,5	2,8581	0,85	5,4	6,81	2,25	5,04	308,4	11,62	5,43	7,523133333	9,10453	0,783	1,141363215	1,677944465	0,017751122	0,015552561	0,021089
CAR	rainy 13	2013	protected	AF	0,135	0,73	0,67	1,09	5,41	1,30	9,8	1,7	4,962962963	11,8	79,79	0	0	29,29	2,48	5,88	0,84	5,45	6,64	3,94	2,6	294,7	24,16	4,38	7,569193333	9,13523	0,4145	1,094272981	2,088053333	0,017611998	0,016094702	0,0090563
DH	rainy 12	2012	protected	AF	5,18	18,57	59,4	0,31	3,58	4,56	9,52	37,03	11,46718147	39,2	69,4	0,13	259,2	29,66	2,5	5,21	0,34	13,72	7,45	1,13	1,2	0	66,49	4,94	5,419726667	6,63264	0,4606	1,620633361	1,34345554	0,021013643	0,012966315	0,0047242
DH	rainy 12	2012	protected	AF	5,18	18,57	59,4	0,31	3,58	4,56	9,52	37,03	11,46718147	39,2	69,4	0,13	36,4	29,75	3,1	6,24	0,47	9,8	7,2	1,69	1,2	359,6	6,71	5,19	5,20478	6,52517	0,1996	1,332278745	1,257015347	0,02481627	0,018626935	0,0037751
DH	dry 12	2012	protected	AF	5,18	18,57	59,4	0,31	3,58	4,56	9,52	37,03	11,46718147	39,2	69,4	0,13	0,8	23,76	2,37	27,00	0,87	5,31	7,2	5,91	1,8	407,8	6,71	4,28	5,926386667	7,23142	0,3685	1,496120765	1,688400654	0,023970949	0,016022068	-0,00052551
DH	dry 12	2012	protected	AF	5,18	18,57	59,4	0,31	3,58	4,56	9,52	37,03	11,46718147	39,2	69,4	0,13	0,8	23,76	2,5	27,00	1,13	4,08	7,08	6,48	1,8	412	7,77	4,92	6,141333333	7,56919	0,522	1,610035022	1,539079572	0,021512618	0,013361584	0,003459
DH	rainy 13	2013	protected	AF	5,18	18,57	59,4	0,31	3,58	4,56	9,52	37,03	11,46718147	39,2	69,4	0,13	0	29,94	3,9	7,7094	0,56	8,21	7,41	2,53	0,2	261,2	20,32	4,02	9,979666667	12,91215	0,5834	1,371845394	3,20878562	0,025941817	0,018910161	0,004234
DH	rainy 13	2013	protected	AF	5,18	18,57	59,4	0,31	3,58	4,56	9,52	37,03	11,46718147	39,2	69,4	0,13	0	29,94	3,32	8,8342	0,55	8,36	7,85	1,13	2,2	262,9	14,07	3,2	8,7514	11,43823	0,4145	1,306562189	3,57110001	0,027492927	0,021042188	0,0054651
GAM	rainy 12	2012	protected	AF	0,1	0,35	0,51	0,69	3,50	1,28	8,83	1,45	5,1	10,3	82,49	0	243,4	28,91	3,7	5,56	0,61	7,54	6,65	1,69	2,4	196,8	1,71	2,97	5,20478	6,52517	0,1996	1,332278745	2,194070836	0,02481627	0,018626935	0,002833
GAM	rainy 12	2012	protected	AF	0,1	0,35	0,51	0,69	3,50	1,28	8,83	1,45	5,1	10,3	82,49	0	36,4	30,2	3,8	5,73	0,59	7,83	6,63	3,38	7,6	190,6	1,71	4,03	5,926386667	7,23142	0,3685	1,496120765	1,795287984	0,023970949	0,016022068	0,0036988
GAM	dry 12	2012	protected	AF	0,1	0,35	0,51	0,69	3,50	1,28	8,83	1,45	5,1	10,3	82,49	0	0,8	23,44	2	10,00	0,8	5,73	6,6	5,35	13,2	290,3	24,25	4,2	6,141333333	7,56919	0,522	1,610035022	1,80090253	0,021512618	0,013361584	0,00069523
GAM	dry 12	2012	protected	AF	0,1	0,35	0,51	0,69	3,50	1,28	8,83	1,45	5,1	10,3	82,49	0	0,4	23,42	2	10,00	0,71	6,49	6,7	5,07	13,2	261,8	26,57	3,84	5,419726667	6,63264	0,4606	1,620633361	1,725901639	0,021013643	0,012966315	0,00014321
GAM	rainy 13	2013	protected	AF	0,1	0,35	0,51	0,69	3,50	1,28	8,83	1,45	5,1	10,3	82,49	0	0	29,94	2	6,4561	0,75	6,15	6,72	1,69	6,2	235,1	16,52	6,07	7,64596	10,08714	0,5834	1,371750742	1,661254941	0,028821978	0,02101109	0,0062952
GAM	rainy 13	2013	protected	AF	0,1	0,35	0,51	0,69	3,50	1,28	8,83	1,45	5,1	10,3	82,49	0	0	29,94	1,5	6,4561	0,74	6,17	6,7	1,13	4,4	254,4	15,69	5,72	6,555873333	8,76675	0,4145	1,464102736	1,53157815	0,030541919	0,020860503	0,0062952
GRA	dry 12	2012	unprotected	P	1,68	22,41	NA	NA	13,34	2,08	13,13	9,64	NA	11,35	7,43	NA	22	23,16	2	7,5	1,09	4,25	7,21	4,79	16,4	227,3	38,37	7,63	11,60712	14,03295	0,4299	1,295918615	1,839180428	0,024623883	0,019001103	0,00055626
GRA	dry 12	2012	unprotected	P	1,68	22,41	NA	NA	13,34	2,08	13,13	9,64	NA	11,35	7,43	NA	31,6	23,16	1,8	7,5	1,14	4,05	8,06	4,79	6,8	200	15,69	4,77	12,09842667	14,87738	0,6448	1,368731744	3,118947589	0,022880542	0,016716601	0,00055626
GRA	rainy 13	2013	unprotected	P	1,68	22,41	NA	NA	13,34	2,08	13,13	9,64	NA	11,35	7,43	NA	0	28,55	1,64	0,75	1,35	3,42	7,49	1,13	1,11	258,9	29,99	6,02	12,03701333	14,95415	0,8291	1,146531937	2,484490225	0,021269924	0,018551532	0,008813
GRA	rainy 13	2013	unprotected	P	1,68	22,41	NA	NA	13,34	2,08	13,13	9,64	NA	11,35	7,43	NA	0	29,27	1,17	6,2153	1,65	2,8	7,49	0,84	5,14	357	16,48	8,09	15,15374	18,70036	NA	1,101831411	2,312969697	0,02070508	0,018791513	0,0029932
JAC	rainy 12	2012	unprotected	S	1,27	9,18	4,23	2,17	7,23	3,02	12,2	12,14	3,330708661	9,38	71,43	0,48	46,2	30,14	3	4,20	0,87	5,29	6,95	5,63	15,2	517,1	2,96	5,09	12,97356667	16,121	0,6141	1,336451324	3,170304818	0,022992782	0,017204354	0,0059654
JAC	rainy 12	2012	unprotected	S	1,27	9,18	4,23	2,17	7,23	3,02	12,2	12,14	3,330708661	9,38	71,43	0,48	46,2	29,77	1,64	5,27	0,92	4,97	6,87	4,22	15,2	368,2	3,75	4,65	13,15780667	16,36665	0,7063	1,405995042	3,519710394	0,023037454	0,01638516	0,0050645
JAC	dry 12	2012	unprotected	S	1,27	9,18	4,23	2,17	7,23	3,02	12,2	12,14	3,330708661	9,38	71,43	0,48	0,4	23,37	2,4	10,00	0,74	6,3	7,59	3,94	6	391,5	28,88	5,92	11,66853333	14,41678	0,6602	1,503261698	2,436501606	0,023718574	0,015778074	0,00060415
JAC	dry 12	2012	unprotected	S	1,27	9,18	4,23	2,17	7,23	3,02	12,2	12,14	3,330708661	9,38	71,43	0,48	0,8	23,6	2,3	10,00	0,76	6,07	7,35	4,51	6	398,1	34,39	5,79	11,92954	14,80061	0,5988	1,4544513	2,556237191	0,023754298	0,016332137	0,00012203
JAC	rainy 13	2013	unprotected	S	1,27	9,18	4,23	2,17	7,23	3,02	12,2	12,14	3,330708661	9,38	71,43	0,48	0	29,29	1,97	6,75	0,92	4,99	7,22	0,84	0,72	360,3	23,84	7,36	17,51815333	21,40255	0,5527	1,569877977	2,90716472	0,020213368	0,012875757	0,005315
JAC	rainy 13	2013	unprotected	S	1,27	9,18	4,23	2,17	7,23	3,02	12,2	12,14	3,330708661	9,38	71,43	0,48	0	29,52	1,93	7,175	0,89	5,14	7,52	0,84	2,54	357,7	22,86	8,08	18,68500667	22,73829	NA	1,810705914	2,815189633	0,020080036	0,011089618	0,0069766
PAT	rainy 12	2012	protected	AF	1,1	5,3	4,65	1,14	4,82	2,57	10,65	9,62	4,227272727	10,38	78,04	0	34,2	30,4	2,9	2,80	0,99	4,63	6,99	3,94	2	309	1,06	4,07	23,21424	28,26549	1,3972	1,055496857	6,949959839	0,017320993	0,016410274	0,0053402
PAT	rainy 12	2012	protected	AF	1,1	5,3	4,65	1,14	4,82	2,57	10,65	9,62	4,227272727	10,38	78,04	0	46	30,06	3,46	4,08	0,91	5,07	7,22	4,51	2	342,1	5,37	6,81	23,76696	28,98709	1,4893	1,136295485	4,257798668	0,018034359	0,015871188	0,0045523
PAT	dry 12	2012	protected	AF	1,1	5,3	4,65	1,14	4,82	2,57	10,65	9,62	4,227272727	10,38	78,04	0	0,4	23,38	2,1	10,50	0,84	5,51	7,1	3,1	5,2	425,5	31,56	5,63	25,37906	30,59919	2,0266	1,121523575	5,431166726	0,015801212	0,014089059	0,0033138
PAT	dry 12	2012	protected	AF	1,1	5,3	4,65	1,14	4,82	2,57	10,65	9,62	4,227272727	10,38	78,04	0	14,6	23,66	2,8	10,50	0,84	5,47	7,19	5,63	5,2	374,3	20,64	3,18	20,57346667	25,08735	1,1669	1,138076894	7,889102725	0,018640664	0,01637909	0,0001503
PAT	rainy 13	2013	protected	AF	1,1	5,3	4,65	1,14	4,82	2,57	10,65	9,62	4,227272727	10,38	78,04	0	2,6	30,33	2,75	7	0,72	6,38	7,53	1,13	0,95	274,5	30,73	5,37	14,90808667	18,68501	NA	1,225541738	3,482759863	0,022530713	0,018384289	0,0014568
PAT	rainy 13	2013	protected	AF	1,1	5,3	4,65	1,14	4,82	2,57	10,65	9,62	4,227272727	10,38	78,04	0	33,8	30,33	3,25	7	0,78	5,86	6,75	0,56	1,13	262,7	12,5	4,94	14,95414667	18,82319	NA	1,277989237	3,811133158	0,02283529	0,01786814	0,0014568
SIL	rainy 12	2012	unprotected	S	4,6	61,34	19,7	3,11	13,33	3,76	11,88	28,81	4,282608696	14,29	34,1	53,87	398,8	29,35	1,8	3,75	0,86	5,36	8,05	9,01	4,8	343,4	41,47	3,84	20,97265333	25,36371	1,566	1,198917429	6,606852479	0,018571249	0,015490015	0,0060676
SIL	rainy 12	2012	unprotected	S	4,6	61,34	19,7	3,11	13,33	3,76	11,88	28,81	4,282608696	14,29	34,1	53,87	25,2	29,43	1,3	3,86	0,96	4,81	7,98	2,53	3,6	344,5	37,81	5,83	20,68094	24,96452	2,0266	1,328762692	4,285754506	0,018751346	0,014111885	0,0053561
SIL	dry 12	2012	unprotected	S	4,6	61,34	19,7	3,11	13,33	3,76	11,88	28,81	4,282608696	14,29	34,1	53,87	3,2	24,04	1,2	8,50	0,99	4,68	7,03	12,95	10,8	459,2	38,78	4,82	19,02278	22,93788	1,3664	1,117160597	4,758896266	0,017121737	0,015326119	1,63E-05
SIL	dry 12	2012	unprotected	S	4,6	61,34	19,7	3,11	13,33	3,76	11,88	28,81	4,282608696	14,29	34,1	53,87	0,6	23,71	1,16	8,50	0,91	5,12	7,52	10,42	5,6	485,4	25,69	4,82	14,60102	18,10158	0,7677	1,277117825	3,75941433	0,021397597	0,016754599	0,00012642
SIL	rainy 13	2013	unprotected	S	4,6	61,34	19,7	3,11	13,33	3,76	11,88	28,81	4,282608696	14,29	34,1	53,87	0	30,2	1,54	5,165	0,95	4,84	8,02	1,69	2,83	326,3	147,78	6,81	7,123946667	18,26409	NA	1,293598141	2,681164205	0,027522445	0,021275885	0,0023741
SIL	rainy 13	2013	unprotected	S	4,6	61,34	19,7	3,11	13,33	3,76	11,88	28,81	4,282608696	14,29	34,1	53,87	2	30,2	1,45	5,165	0,97	4,72	7	0,84	11,4	358,5	108,85	7,65	4,774886667	15,4842	NA	1,252159286	2,024343434	0,030366272	0,024251125	0,0023741
STH	rainy 12	2012	protected	AF	0,92	3,59	5,38	0,67	3,90	2,27	9,9	7,77	5,847826087	9,74	75,33	0	34,2	30,98	2	4,75	0,64	7,19	8,03	6,19	2,4	204,1	27,5	6,5	6,81688	8,5211	0,5681	1,615650963	1,31174569	0,023007944	0,014240665	0,0054084
STH	rainy 12	2012	protected	AF	0,92	3,59	5,38	0,67	3,90	2,27	9,9	7,77	5,847826087	9,74	75,33	0	46	30,92	2,4	4,75	0,64	7,21	7,91	3,94	1,2	198,2	12,17	6,12	6,6787	8,47504	0,3838	1,632025411	1,384131961	0,025142984	0,015406	0,0043739
STH	dry 12	2012	protected	AF	0,92	3,59	5,38	0,67	3,90	2,27	9,9	7,77	5,847826087	9,74	75,33	0	0,4	24,12	2	13,50	0,59	7,9	7,25	6,76	NA	310	27,77	3,19	8,24474	10,20997	0,5988	1,318273248	3,202624425	0,018914466	0,01434791	0,0011302
STH	dry 12	2012	protected	AF	0,92	3,59	5,38	0,67	3,90	2,27	9,9	7,77	5,847826087	9,74	75,33	0	14,6	24,52	2,7	13,50	0,62	7,67	7,73	5,07	NA	294,7	18,74	1,67	4,252873333	5,45043	0,1228	1,410278335	3,263732535	0,027500794	0,01950026	5,09E-05
STH	rainy 13	2013	protected	AF	0,92	3,59	5,38	0,67	3,90	2,27	9,9	7,77	5,847826087	9,74	75,33	0	2,6	31,02	2,85	7,7612	0,42	11,17	7,42	0,84	1,94	162,3	36,19	3,45	15,04626667	9,6582	NA	1,413873961	2,797047367	0,023527346	0,016640342	0,0059853
STH	rainy 13	2013	protected	AF	0,92	3,59	5,38	0,67	3,90	2,27	9,9	7,77	5,847826087	9,74	75,33	0	33,8	31,02	2,7	7,7612	0,43	10,91	7	0,84	0,59	170,4	46,98	3,1	12,92750667	6,58135	NA	2,173344524	2,121646403	0,023545839	0,010833919	0,0059853
VER	rainy 12	2012	unprotected	S	0,88	2,83	7,97	0,36	3,22	2,45	7,36	8,21	9,056818182	23,25	37,92	21,97	46,2	29,43	2,88	6,75	0,78	5,86	7,05	3,38	2,4	242,4	17,22	4,26	8,19868	10,20997	0,4606	1,472226784	2,395581104	0,023891109	0,016227873	0,012126
VER	rainy 12	2012	unprotected	S	0,88	2,83	7,97	0,36	3,22	2,45	7,36	8,21	9,056818182	23,25	37,92	21,97	30,8	30,33	3	6,43	0,63	7,27	7,29	4,22	5	227,2	26,75	5	7,5999	9,48836	0,2917	1,373271863	1,899571572	0,025069039	0,018254972	0,007223
VER	dry 12	2012	unprotected	S	0,88	2,83	7,97	0,36	3,22	2,45	7,36	8,21	9,056818182	23,25	37,92	21,97	0,4	24,07	3,4	13,00	0,8	5,87	7,02	5,07	4,8	284,3	16,66	3,62	7,538486667	9,31947	0,5527	1,565691157	2,57301859	0,022155654	0,014150718	-0,00041676
VER	dry 12	2012	unprotected	S	0,88	2,83	7,97	0,36	3,22	2,45	7,36	8,21	9,056818182	23,25	37,92	21,97	0,8	23,87	1,7	13,00	0,85	5,47	6,65	3,94	4,8	309,4	0,47	3,14	6,878293333	8,61322	0,3992	1,525579601	2,741317632	0,022923508	0,015026098	-0,0030887
VER	rainy 13	2013	unprotected	S	0,88	2,83	7,97	0,36	3,22	2,45	7,36	8,21	9,056818182	23,25	37,92	21,97	0	29,46	2,94	7,8349	0,64	7,18	7,04	0,56	1,55	238,2	28,65	3,17	5,0666	6,60193	NA	1,721911367	2,082628812	0,028912182	0,016790749	0,0045351
VER	rainy 13	2013	unprotected	S	0,88	2,83	7,97	0,36	3,22	2,45	7,36	8,21	9,056818182	23,25	37,92	21,97	0	30,29	2,99	7,9777	0,64	7,21	7,2	0,56	1,55	180,3	15,87	2,5	5,312253333	6,87829	NA	2,04450017	2,756830995	0,027991255	0,013691002	0,0074572
